kNN,G-NB,QDA,LR,SVM,MLP,LDA,GB,DT,RF
1.0,1.0,1.0,1.0,1.0,1.0,1.0,1.0,1.0,1.0
0.0,0.0,1.0,0.0,0.0,0.0,0.0,0.0,0.0,0.0
1.0,1.0,1.0,1.0,1.0,1.0,1.0,1.0,1.0,1.0
1.0,1.0,1.0,1.0,1.0,1.0,1.0,1.0,1.0,1.0
1.0,1.0,1.0,1.0,1.0,1.0,1.0,1.0,1.0,1.0
0.0,0.0,1.0,1.0,0.0,1.0,1.0,1.0,1.0,0.0
0.0,0.0,1.0,0.0,0.0,0.0,0.0,0.0,0.0,0.0
0.0,0.0,1.0,0.0,0.0,0.0,0.0,0.0,0.0,0.0
1.0,1.0,1.0,1.0,1.0,1.0,1.0,1.0,1.0,1.0
2.0,1.0,1.0,2.0,2.0,2.0,2.0,2.0,2.0,2.0
2.0,1.0,1.0,2.0,2.0,2.0,2.0,1.0,1.0,1.0
2.0,1.0,1.0,1.0,1.0,1.0,1.0,1.0,1.0,1.0
2.0,1.0,1.0,2.0,2.0,2.0,2.0,1.0,2.0,2.0
0.0,0.0,1.0,0.0,0.0,0.0,0.0,0.0,0.0,0.0
1.0,1.0,1.0,1.0,1.0,1.0,1.0,1.0,1.0,1.0
1.0,1.0,1.0,1.0,1.0,1.0,1.0,1.0,1.0,1.0
0.0,0.0,1.0,0.0,0.0,0.0,0.0,0.0,0.0,0.0
2.0,1.0,1.0,2.0,1.0,1.0,0.0,0.0,1.0,1.0
2.0,2.0,2.0,1.0,2.0,2.0,2.0,2.0,2.0,2.0
2.0,2.0,1.0,2.0,2.0,2.0,2.0,2.0,2.0,2.0
0.0,0.0,1.0,0.0,0.0,0.0,0.0,0.0,1.0,0.0
2.0,2.0,1.0,2.0,2.0,2.0,2.0,2.0,2.0,2.0
2.0,2.0,2.0,2.0,2.0,2.0,2.0,2.0,2.0,2.0
2.0,1.0,2.0,2.0,2.0,2.0,2.0,2.0,2.0,2.0
2.0,2.0,2.0,2.0,2.0,2.0,2.0,2.0,2.0,2.0
0.0,0.0,1.0,1.0,0.0,1.0,0.0,0.0,0.0,0.0
0.0,0.0,1.0,0.0,0.0,0.0,0.0,0.0,0.0,0.0
0.0,0.0,1.0,0.0,0.0,0.0,0.0,0.0,0.0,0.0
1.0,0.0,1.0,1.0,1.0,1.0,1.0,0.0,1.0,1.0
1.0,1.0,1.0,1.0,1.0,1.0,1.0,1.0,1.0,1.0
1.0,1.0,1.0,0.0,0.0,2.0,0.0,2.0,2.0,2.0
1.0,1.0,1.0,2.0,2.0,2.0,2.0,1.0,2.0,2.0
1.0,1.0,1.0,1.0,1.0,1.0,1.0,1.0,1.0,1.0
1.0,1.0,1.0,1.0,1.0,1.0,1.0,1.0,1.0,1.0
0.0,0.0,1.0,0.0,0.0,0.0,0.0,0.0,0.0,0.0
1.0,1.0,1.0,1.0,1.0,1.0,1.0,1.0,1.0,1.0
1.0,1.0,1.0,1.0,1.0,0.0,1.0,1.0,1.0,1.0
2.0,2.0,1.0,2.0,2.0,2.0,2.0,2.0,2.0,2.0
1.0,1.0,1.0,1.0,1.0,1.0,2.0,1.0,1.0,1.0
1.0,1.0,1.0,1.0,1.0,1.0,1.0,1.0,1.0,1.0
0.0,0.0,1.0,0.0,0.0,0.0,0.0,0.0,0.0,0.0
1.0,1.0,1.0,1.0,1.0,1.0,1.0,1.0,1.0,1.0
1.0,1.0,1.0,1.0,1.0,1.0,1.0,1.0,1.0,1.0
0.0,0.0,1.0,0.0,0.0,0.0,0.0,1.0,1.0,0.0
2.0,1.0,1.0,2.0,1.0,1.0,2.0,1.0,1.0,1.0
2.0,2.0,1.0,2.0,2.0,2.0,2.0,2.0,2.0,2.0
1.0,1.0,1.0,1.0,1.0,1.0,1.0,1.0,1.0,1.0
2.0,1.0,2.0,2.0,2.0,2.0,2.0,2.0,2.0,2.0
2.0,2.0,2.0,2.0,2.0,2.0,1.0,2.0,2.0,2.0
1.0,0.0,1.0,1.0,1.0,1.0,1.0,1.0,1.0,1.0
1.0,1.0,1.0,1.0,1.0,1.0,1.0,1.0,1.0,1.0
0.0,0.0,1.0,1.0,0.0,1.0,1.0,0.0,0.0,0.0
0.0,0.0,1.0,0.0,0.0,0.0,0.0,0.0,0.0,0.0
1.0,1.0,1.0,1.0,1.0,1.0,1.0,1.0,1.0,1.0
2.0,2.0,1.0,2.0,2.0,2.0,2.0,2.0,2.0,2.0
2.0,2.0,1.0,1.0,2.0,2.0,2.0,2.0,1.0,2.0
2.0,2.0,2.0,2.0,2.0,2.0,1.0,2.0,2.0,2.0
2.0,2.0,2.0,1.0,2.0,2.0,1.0,2.0,2.0,2.0
1.0,1.0,1.0,1.0,1.0,1.0,1.0,1.0,1.0,1.0
1.0,1.0,1.0,1.0,1.0,1.0,1.0,1.0,1.0,1.0
2.0,1.0,2.0,2.0,2.0,2.0,2.0,2.0,2.0,2.0
0.0,0.0,1.0,0.0,0.0,0.0,0.0,0.0,0.0,0.0
0.0,0.0,1.0,0.0,0.0,0.0,1.0,0.0,0.0,0.0
0.0,0.0,1.0,0.0,0.0,0.0,0.0,0.0,0.0,0.0
1.0,1.0,1.0,1.0,1.0,1.0,2.0,1.0,1.0,1.0
1.0,1.0,1.0,1.0,1.0,1.0,1.0,1.0,1.0,1.0
1.0,1.0,1.0,1.0,1.0,1.0,1.0,1.0,1.0,1.0
0.0,0.0,1.0,0.0,0.0,0.0,0.0,0.0,0.0,0.0
1.0,2.0,1.0,1.0,1.0,1.0,1.0,1.0,1.0,1.0
2.0,2.0,2.0,2.0,2.0,2.0,2.0,2.0,2.0,2.0
2.0,2.0,1.0,2.0,2.0,2.0,1.0,2.0,2.0,1.0
0.0,0.0,1.0,0.0,0.0,0.0,0.0,0.0,0.0,0.0
2.0,1.0,1.0,2.0,2.0,2.0,2.0,2.0,2.0,2.0
2.0,2.0,2.0,2.0,2.0,2.0,2.0,2.0,2.0,2.0
2.0,2.0,1.0,2.0,2.0,2.0,2.0,2.0,2.0,2.0
0.0,0.0,1.0,0.0,0.0,0.0,0.0,1.0,0.0,0.0
0.0,0.0,1.0,0.0,0.0,0.0,0.0,0.0,0.0,0.0
0.0,0.0,1.0,0.0,0.0,0.0,0.0,0.0,0.0,0.0
1.0,1.0,1.0,1.0,1.0,1.0,0.0,1.0,0.0,1.0
0.0,0.0,1.0,0.0,0.0,0.0,0.0,0.0,0.0,0.0
2.0,2.0,2.0,2.0,2.0,2.0,2.0,2.0,2.0,2.0
1.0,1.0,1.0,1.0,1.0,1.0,1.0,1.0,1.0,1.0
2.0,1.0,1.0,2.0,2.0,2.0,2.0,2.0,2.0,2.0
1.0,1.0,1.0,1.0,2.0,1.0,1.0,1.0,1.0,1.0
1.0,1.0,1.0,1.0,1.0,1.0,1.0,1.0,1.0,1.0
1.0,1.0,1.0,1.0,1.0,1.0,1.0,1.0,1.0,1.0
0.0,0.0,1.0,1.0,0.0,1.0,1.0,0.0,0.0,0.0
1.0,1.0,1.0,1.0,1.0,1.0,1.0,1.0,1.0,1.0
1.0,1.0,1.0,1.0,1.0,1.0,1.0,1.0,1.0,1.0
2.0,1.0,2.0,2.0,2.0,2.0,1.0,2.0,2.0,2.0
1.0,1.0,1.0,1.0,1.0,1.0,1.0,1.0,1.0,1.0
2.0,1.0,1.0,2.0,2.0,2.0,2.0,2.0,2.0,2.0
1.0,1.0,1.0,1.0,1.0,1.0,2.0,1.0,1.0,1.0
2.0,1.0,1.0,2.0,2.0,2.0,2.0,2.0,2.0,2.0
1.0,1.0,1.0,1.0,1.0,1.0,1.0,1.0,1.0,1.0
1.0,2.0,1.0,2.0,1.0,1.0,2.0,1.0,1.0,1.0
2.0,2.0,1.0,2.0,2.0,2.0,2.0,2.0,2.0,2.0
1.0,0.0,1.0,1.0,1.0,1.0,1.0,1.0,1.0,1.0
2.0,1.0,2.0,1.0,2.0,2.0,1.0,2.0,2.0,1.0
0.0,0.0,1.0,0.0,0.0,0.0,0.0,0.0,0.0,0.0
2.0,2.0,2.0,2.0,2.0,2.0,2.0,2.0,2.0,2.0
1.0,1.0,1.0,1.0,1.0,1.0,1.0,1.0,1.0,1.0
1.0,1.0,1.0,1.0,1.0,1.0,1.0,1.0,1.0,1.0
2.0,1.0,1.0,2.0,2.0,2.0,2.0,2.0,2.0,2.0
1.0,2.0,1.0,1.0,1.0,1.0,1.0,1.0,2.0,1.0
1.0,1.0,1.0,1.0,1.0,1.0,1.0,1.0,1.0,1.0
0.0,0.0,1.0,0.0,0.0,0.0,0.0,0.0,0.0,0.0
2.0,2.0,1.0,2.0,2.0,2.0,2.0,2.0,2.0,2.0
1.0,1.0,1.0,1.0,1.0,1.0,2.0,1.0,1.0,1.0
2.0,2.0,2.0,2.0,2.0,2.0,2.0,2.0,2.0,2.0
2.0,1.0,1.0,2.0,1.0,2.0,2.0,2.0,2.0,2.0
1.0,1.0,1.0,1.0,1.0,1.0,1.0,1.0,1.0,1.0
1.0,1.0,1.0,1.0,1.0,1.0,2.0,1.0,1.0,1.0
0.0,0.0,1.0,0.0,0.0,0.0,0.0,0.0,0.0,0.0
1.0,1.0,1.0,1.0,1.0,1.0,1.0,1.0,1.0,1.0
1.0,1.0,1.0,1.0,1.0,1.0,0.0,1.0,1.0,1.0
1.0,1.0,1.0,1.0,1.0,1.0,1.0,1.0,0.0,1.0
0.0,0.0,1.0,0.0,0.0,0.0,0.0,0.0,1.0,0.0
2.0,1.0,1.0,1.0,2.0,2.0,2.0,2.0,2.0,1.0
1.0,1.0,1.0,2.0,1.0,1.0,2.0,1.0,1.0,1.0
1.0,1.0,1.0,1.0,1.0,1.0,1.0,1.0,1.0,1.0
1.0,1.0,1.0,1.0,1.0,1.0,1.0,1.0,1.0,1.0
2.0,1.0,1.0,2.0,1.0,1.0,2.0,1.0,1.0,1.0
1.0,2.0,1.0,2.0,1.0,1.0,2.0,2.0,2.0,1.0
1.0,1.0,1.0,1.0,1.0,1.0,1.0,1.0,1.0,1.0
1.0,1.0,1.0,1.0,1.0,1.0,1.0,1.0,1.0,1.0
1.0,1.0,1.0,1.0,1.0,1.0,1.0,1.0,1.0,1.0
2.0,1.0,1.0,2.0,2.0,2.0,2.0,2.0,2.0,2.0
1.0,1.0,1.0,1.0,1.0,1.0,2.0,1.0,1.0,1.0
2.0,2.0,2.0,2.0,2.0,2.0,2.0,2.0,2.0,2.0
0.0,0.0,1.0,0.0,0.0,0.0,0.0,0.0,0.0,0.0
2.0,2.0,1.0,2.0,2.0,2.0,2.0,2.0,2.0,2.0
0.0,0.0,1.0,0.0,0.0,0.0,0.0,0.0,0.0,0.0
0.0,1.0,1.0,1.0,1.0,1.0,1.0,1.0,1.0,1.0
2.0,1.0,1.0,2.0,2.0,2.0,2.0,2.0,2.0,2.0
0.0,0.0,1.0,0.0,0.0,0.0,0.0,0.0,1.0,0.0
1.0,1.0,1.0,1.0,1.0,1.0,2.0,1.0,1.0,1.0
0.0,0.0,1.0,0.0,0.0,0.0,0.0,0.0,0.0,0.0
1.0,1.0,1.0,2.0,2.0,2.0,2.0,2.0,2.0,1.0
2.0,1.0,2.0,2.0,1.0,2.0,2.0,2.0,2.0,2.0
2.0,1.0,1.0,1.0,1.0,1.0,2.0,1.0,1.0,1.0
1.0,1.0,1.0,1.0,1.0,1.0,1.0,1.0,1.0,1.0
1.0,2.0,1.0,1.0,2.0,2.0,2.0,2.0,2.0,2.0
0.0,0.0,1.0,0.0,0.0,0.0,0.0,0.0,0.0,0.0
2.0,2.0,1.0,1.0,2.0,2.0,1.0,2.0,2.0,2.0
1.0,1.0,1.0,1.0,1.0,1.0,2.0,1.0,1.0,1.0
2.0,2.0,1.0,2.0,2.0,2.0,2.0,2.0,2.0,2.0
2.0,1.0,1.0,2.0,2.0,2.0,2.0,2.0,1.0,2.0
2.0,2.0,1.0,2.0,2.0,1.0,2.0,2.0,2.0,2.0
0.0,0.0,1.0,0.0,0.0,0.0,0.0,0.0,1.0,0.0
0.0,1.0,1.0,1.0,1.0,0.0,1.0,1.0,0.0,1.0
2.0,2.0,2.0,2.0,2.0,2.0,2.0,2.0,2.0,2.0
1.0,1.0,1.0,1.0,1.0,1.0,2.0,1.0,1.0,1.0
1.0,0.0,1.0,1.0,1.0,1.0,1.0,1.0,1.0,1.0
2.0,2.0,1.0,2.0,2.0,2.0,2.0,2.0,2.0,2.0
2.0,1.0,1.0,1.0,1.0,1.0,2.0,1.0,1.0,1.0
0.0,0.0,1.0,0.0,0.0,0.0,0.0,0.0,0.0,0.0
0.0,0.0,1.0,0.0,0.0,0.0,0.0,0.0,0.0,0.0
2.0,2.0,1.0,1.0,2.0,2.0,1.0,2.0,2.0,2.0
1.0,1.0,1.0,1.0,1.0,1.0,2.0,1.0,2.0,1.0
1.0,2.0,1.0,1.0,1.0,1.0,1.0,1.0,1.0,1.0
2.0,2.0,1.0,2.0,2.0,2.0,2.0,2.0,2.0,2.0
1.0,1.0,1.0,1.0,1.0,1.0,1.0,1.0,1.0,1.0
2.0,2.0,1.0,2.0,2.0,2.0,2.0,2.0,2.0,2.0
2.0,1.0,1.0,2.0,2.0,2.0,2.0,2.0,2.0,2.0
0.0,0.0,1.0,0.0,0.0,0.0,0.0,0.0,0.0,0.0
2.0,2.0,1.0,2.0,2.0,2.0,2.0,2.0,2.0,2.0
2.0,1.0,1.0,2.0,2.0,1.0,2.0,1.0,1.0,1.0
2.0,2.0,2.0,2.0,2.0,2.0,2.0,2.0,2.0,2.0
0.0,0.0,1.0,0.0,0.0,0.0,0.0,0.0,0.0,0.0
2.0,1.0,2.0,2.0,2.0,2.0,2.0,2.0,2.0,2.0
2.0,1.0,1.0,2.0,2.0,2.0,2.0,1.0,1.0,1.0
2.0,1.0,1.0,2.0,2.0,2.0,2.0,2.0,2.0,2.0
0.0,0.0,1.0,0.0,0.0,0.0,0.0,0.0,0.0,0.0
0.0,1.0,1.0,1.0,1.0,1.0,1.0,1.0,1.0,1.0
2.0,2.0,1.0,2.0,2.0,2.0,2.0,2.0,2.0,2.0
1.0,1.0,1.0,1.0,1.0,1.0,1.0,1.0,1.0,1.0
1.0,1.0,1.0,1.0,1.0,1.0,1.0,1.0,1.0,1.0
1.0,1.0,2.0,1.0,1.0,2.0,1.0,2.0,2.0,2.0
2.0,2.0,1.0,2.0,2.0,2.0,2.0,2.0,2.0,2.0
0.0,0.0,1.0,0.0,0.0,0.0,0.0,0.0,0.0,0.0
1.0,1.0,1.0,2.0,1.0,1.0,2.0,1.0,2.0,1.0
2.0,2.0,2.0,1.0,2.0,2.0,1.0,2.0,2.0,2.0
2.0,1.0,1.0,1.0,1.0,1.0,1.0,1.0,1.0,1.0
1.0,1.0,1.0,1.0,1.0,1.0,1.0,1.0,1.0,1.0
0.0,0.0,1.0,0.0,0.0,0.0,0.0,0.0,0.0,0.0
0.0,0.0,1.0,0.0,0.0,1.0,0.0,0.0,0.0,0.0
2.0,1.0,1.0,1.0,1.0,1.0,2.0,1.0,1.0,1.0
1.0,2.0,1.0,1.0,1.0,1.0,1.0,1.0,1.0,1.0
1.0,1.0,1.0,1.0,1.0,1.0,1.0,2.0,1.0,1.0
0.0,0.0,1.0,0.0,0.0,0.0,0.0,1.0,0.0,0.0
0.0,0.0,1.0,0.0,0.0,1.0,2.0,0.0,0.0,0.0
2.0,2.0,1.0,2.0,2.0,2.0,2.0,2.0,2.0,2.0
0.0,0.0,1.0,0.0,0.0,0.0,0.0,0.0,0.0,0.0
1.0,2.0,1.0,1.0,1.0,1.0,1.0,1.0,1.0,1.0
2.0,1.0,1.0,2.0,2.0,2.0,2.0,2.0,2.0,2.0
2.0,1.0,1.0,1.0,1.0,1.0,2.0,1.0,1.0,1.0
2.0,2.0,2.0,2.0,2.0,2.0,2.0,2.0,2.0,2.0
2.0,2.0,1.0,2.0,2.0,2.0,2.0,2.0,2.0,2.0
2.0,2.0,1.0,1.0,2.0,2.0,1.0,2.0,2.0,2.0
0.0,0.0,1.0,0.0,0.0,0.0,0.0,0.0,0.0,0.0
2.0,2.0,1.0,2.0,1.0,1.0,2.0,1.0,1.0,1.0
1.0,1.0,1.0,1.0,1.0,1.0,1.0,1.0,1.0,1.0
0.0,0.0,1.0,0.0,0.0,0.0,0.0,0.0,0.0,0.0
2.0,1.0,1.0,1.0,1.0,2.0,1.0,2.0,1.0,1.0
2.0,2.0,1.0,2.0,2.0,2.0,1.0,2.0,2.0,2.0
2.0,2.0,1.0,2.0,2.0,2.0,2.0,2.0,2.0,2.0
1.0,1.0,1.0,1.0,1.0,1.0,0.0,1.0,1.0,1.0
1.0,1.0,1.0,1.0,1.0,1.0,1.0,1.0,1.0,1.0
1.0,1.0,1.0,1.0,1.0,1.0,1.0,1.0,1.0,1.0
2.0,2.0,1.0,2.0,2.0,2.0,2.0,2.0,1.0,2.0
1.0,1.0,1.0,1.0,1.0,1.0,1.0,1.0,1.0,1.0
1.0,1.0,1.0,1.0,1.0,1.0,1.0,1.0,1.0,1.0
1.0,1.0,1.0,2.0,1.0,1.0,1.0,1.0,1.0,1.0
1.0,1.0,1.0,1.0,1.0,1.0,1.0,1.0,1.0,1.0
1.0,1.0,1.0,1.0,1.0,1.0,1.0,1.0,1.0,1.0
0.0,0.0,1.0,1.0,1.0,1.0,1.0,1.0,1.0,1.0
0.0,0.0,1.0,0.0,0.0,0.0,0.0,0.0,0.0,0.0
1.0,1.0,1.0,1.0,1.0,1.0,1.0,1.0,1.0,1.0
1.0,1.0,1.0,1.0,1.0,1.0,1.0,1.0,1.0,1.0
1.0,1.0,1.0,2.0,1.0,1.0,2.0,2.0,1.0,1.0
2.0,1.0,1.0,1.0,1.0,1.0,1.0,1.0,1.0,1.0
1.0,1.0,1.0,1.0,1.0,1.0,1.0,1.0,1.0,1.0
1.0,0.0,1.0,1.0,1.0,1.0,1.0,1.0,1.0,1.0
2.0,2.0,1.0,2.0,2.0,2.0,2.0,2.0,2.0,2.0
2.0,2.0,1.0,2.0,2.0,2.0,2.0,2.0,2.0,2.0
0.0,1.0,1.0,0.0,0.0,0.0,1.0,0.0,0.0,0.0
2.0,1.0,1.0,2.0,1.0,2.0,2.0,2.0,2.0,2.0
0.0,0.0,1.0,0.0,0.0,0.0,0.0,0.0,1.0,0.0
1.0,1.0,1.0,1.0,1.0,1.0,1.0,1.0,1.0,1.0
0.0,0.0,1.0,0.0,0.0,0.0,0.0,0.0,0.0,0.0
1.0,1.0,1.0,1.0,1.0,1.0,1.0,1.0,1.0,1.0
